0.000000e+00 	 9.952944e-04 	 0.000000e+00 	 inf
9.990010e-04 	 1.990589e-03 	 9.990005e-04 	 9.925804e-01
1.998002e-03 	 2.985880e-03 	 1.997998e-03 	 4.944360e-01
2.997003e-03 	 3.981166e-03 	 2.996990e-03 	 3.283882e-01
3.996004e-03 	 4.976442e-03 	 3.995972e-03 	 2.453646e-01
4.995005e-03 	 5.971706e-03 	 4.994942e-03 	 1.955506e-01
5.994006e-03 	 6.966956e-03 	 5.993898e-03 	 1.623414e-01
6.993007e-03 	 7.962187e-03 	 6.992835e-03 	 1.386207e-01
7.992008e-03 	 8.957397e-03 	 7.991751e-03 	 1.208303e-01
8.991009e-03 	 9.952583e-03 	 8.990643e-03 	 1.069934e-01
9.990010e-03 	 1.094774e-02 	 9.989508e-03 	 9.592399e-02
1.098901e-02 	 1.194287e-02 	 1.098834e-02 	 8.686728e-02
1.198801e-02 	 1.293797e-02 	 1.198714e-02 	 7.932009e-02
1.298701e-02 	 1.393302e-02 	 1.298591e-02 	 7.293408e-02
1.398601e-02 	 1.492804e-02 	 1.398463e-02 	 6.746042e-02
1.498501e-02 	 1.592302e-02 	 1.498332e-02 	 6.271663e-02
1.598402e-02 	 1.691795e-02 	 1.598195e-02 	 5.856588e-02
1.698302e-02 	 1.791283e-02 	 1.698054e-02 	 5.490349e-02
1.798202e-02 	 1.890766e-02 	 1.797908e-02 	 5.164809e-02
1.898102e-02 	 1.990243e-02 	 1.897756e-02 	 4.873540e-02
1.998002e-02 	 2.089715e-02 	 1.997598e-02 	 4.611402e-02
2.097902e-02 	 2.189181e-02 	 2.097434e-02 	 4.374234e-02
2.197802e-02 	 2.288640e-02 	 2.197264e-02 	 4.158630e-02
2.297702e-02 	 2.388092e-02 	 2.297086e-02 	 3.961777e-02
2.397602e-02 	 2.487537e-02 	 2.396902e-02 	 3.781332e-02
2.497502e-02 	 2.586975e-02 	 2.496710e-02 	 3.615326e-02
2.597403e-02 	 2.686405e-02 	 2.596511e-02 	 3.462093e-02
2.697303e-02 	 2.785827e-02 	 2.696304e-02 	 3.320213e-02
2.797203e-02 	 2.885240e-02 	 2.796088e-02 	 3.188470e-02
2.897103e-02 	 2.984645e-02 	 2.895863e-02 	 3.065815e-02
2.997003e-02 	 3.084041e-02 	 2.995630e-02 	 2.951339e-02
3.096903e-02 	 3.183428e-02 	 3.095387e-02 	 2.844251e-02
3.196803e-02 	 3.282804e-02 	 3.195134e-02 	 2.743859e-02
3.296703e-02 	 3.382171e-02 	 3.294872e-02 	 2.649553e-02
3.396603e-02 	 3.481528e-02 	 3.394599e-02 	 2.560796e-02
3.496503e-02 	 3.580874e-02 	 3.494316e-02 	 2.477113e-02
3.596404e-02 	 3.680209e-02 	 3.594021e-02 	 2.398081e-02
3.696304e-02 	 3.779532e-02 	 3.693716e-02 	 2.323323e-02
3.796204e-02 	 3.878845e-02 	 3.793398e-02 	 2.252501e-02
3.896104e-02 	 3.978145e-02 	 3.893069e-02 	 2.185313e-02
3.996004e-02 	 4.077432e-02 	 3.992727e-02 	 2.121485e-02
4.095904e-02 	 4.176708e-02 	 4.092373e-02 	 2.060773e-02
4.195804e-02 	 4.275970e-02 	 4.192006e-02 	 2.002953e-02
4.295704e-02 	 4.375219e-02 	 4.291625e-02 	 1.947824e-02
4.395604e-02 	 4.474454e-02 	 4.391231e-02 	 1.895202e-02
4.495504e-02 	 4.573676e-02 	 4.490823e-02 	 1.844920e-02
4.595405e-02 	 4.672883e-02 	 4.590401e-02 	 1.796825e-02
4.695305e-02 	 4.772075e-02 	 4.689964e-02 	 1.750778e-02
4.795205e-02 	 4.871253e-02 	 4.789512e-02 	 1.706651e-02
4.895105e-02 	 4.970415e-02 	 4.889045e-02 	 1.664326e-02
4.995005e-02 	 5.069561e-02 	 4.988562e-02 	 1.623696e-02
5.094905e-02 	 5.168692e-02 	 5.088063e-02 	 1.584659e-02
5.194805e-02 	 5.267806e-02 	 5.187548e-02 	 1.547125e-02
5.294705e-02 	 5.366904e-02 	 5.287016e-02 	 1.511008e-02
5.394605e-02 	 5.465984e-02 	 5.386468e-02 	 1.476230e-02
5.494505e-02 	 5.565048e-02 	 5.485901e-02 	 1.442717e-02
5.594406e-02 	 5.664093e-02 	 5.585318e-02 	 1.410402e-02
5.694306e-02 	 5.763121e-02 	 5.684716e-02 	 1.379222e-02
5.794206e-02 	 5.862130e-02 	 5.784095e-02 	 1.349117e-02
5.894106e-02 	 5.961120e-02 	 5.883456e-02 	 1.320034e-02
5.994006e-02 	 6.060091e-02 	 5.982798e-02 	 1.291921e-02
6.093906e-02 	 6.159043e-02 	 6.082121e-02 	 1.264730e-02
6.193806e-02 	 6.257975e-02 	 6.181423e-02 	 1.238417e-02
6.293706e-02 	 6.356887e-02 	 6.280706e-02 	 1.212940e-02
6.393606e-02 	 6.455778e-02 	 6.379968e-02 	 1.188260e-02
6.493506e-02 	 6.554649e-02 	 6.479209e-02 	 1.164339e-02
6.593407e-02 	 6.653498e-02 	 6.578429e-02 	 1.141145e-02
6.693307e-02 	 6.752326e-02 	 6.677627e-02 	 1.118643e-02
6.793207e-02 	 6.851132e-02 	 6.776804e-02 	 1.096803e-02
6.893107e-02 	 6.949916e-02 	 6.875958e-02 	 1.075597e-02
6.993007e-02 	 7.048677e-02 	 6.975090e-02 	 1.054997e-02
7.092907e-02 	 7.147415e-02 	 7.074199e-02 	 1.034977e-02
7.192807e-02 	 7.246130e-02 	 7.173284e-02 	 1.015515e-02
7.292707e-02 	 7.344821e-02 	 7.272346e-02 	 9.965857e-03
7.392607e-02 	 7.443488e-02 	 7.371383e-02 	 9.781685e-03
7.492507e-02 	 7.542130e-02 	 7.470396e-02 	 9.602429e-03
7.592408e-02 	 7.640748e-02 	 7.569385e-02 	 9.427892e-03
7.692308e-02 	 7.739341e-02 	 7.668348e-02 	 9.257892e-03
7.792208e-02 	 7.837908e-02 	 7.767286e-02 	 9.092254e-03
7.892108e-02 	 7.936449e-02 	 7.866198e-02 	 8.930812e-03
7.992008e-02 	 8.034964e-02 	 7.965083e-02 	 8.773409e-03
8.091908e-02 	 8.133452e-02 	 8.063942e-02 	 8.619894e-03
8.191808e-02 	 8.231914e-02 	 8.162774e-02 	 8.470125e-03
8.291708e-02 	 8.330348e-02 	 8.261579e-02 	 8.323968e-03
8.391608e-02 	 8.428754e-02 	 8.360356e-02 	 8.181292e-03
8.491508e-02 	 8.527133e-02 	 8.459105e-02 	 8.041975e-03
8.591409e-02 	 8.625482e-02 	 8.557825e-02 	 7.905900e-03
8.691309e-02 	 8.723803e-02 	 8.656517e-02 	 7.772954e-03
8.791209e-02 	 8.822095e-02 	 8.755179e-02 	 7.643031e-03
8.891109e-02 	 8.920357e-02 	 8.853812e-02 	 7.516028e-03
8.991009e-02 	 9.018590e-02 	 8.952415e-02 	 7.391849e-03
9.090909e-02 	 9.116791e-02 	 9.050987e-02 	 7.270400e-03
9.190809e-02 	 9.214963e-02 	 9.149529e-02 	 7.151591e-03
9.290709e-02 	 9.313103e-02 	 9.248040e-02 	 7.035339e-03
9.390609e-02 	 9.411211e-02 	 9.346519e-02 	 6.921560e-03
9.490509e-02 	 9.509288e-02 	 9.444966e-02 	 6.810176e-03
9.590410e-02 	 9.607333e-02 	 9.543381e-02 	 6.701114e-03
9.690310e-02 	 9.705345e-02 	 9.641764e-02 	 6.594300e-03
9.790210e-02 	 9.803323e-02 	 9.740113e-02 	 6.489666e-03
9.890110e-02 	 9.901269e-02 	 9.838430e-02 	 6.387145e-03
9.990010e-02 	 9.999181e-02 	 9.936712e-02 	 6.286675e-03
1.008991e-01 	 1.009706e-01 	 1.003496e-01 	 6.188193e-03
1.018981e-01 	 1.019490e-01 	 1.013317e-01 	 6.091642e-03
1.028971e-01 	 1.029271e-01 	 1.023135e-01 	 5.996966e-03
1.038961e-01 	 1.039048e-01 	 1.032950e-01 	 5.904109e-03
1.048951e-01 	 1.048822e-01 	 1.042760e-01 	 5.813020e-03
1.058941e-01 	 1.058592e-01 	 1.052568e-01 	 5.723648e-03
1.068931e-01 	 1.068359e-01 	 1.062371e-01 	 5.635946e-03
1.078921e-01 	 1.078121e-01 	 1.072171e-01 	 5.549867e-03
1.088911e-01 	 1.087880e-01 	 1.081967e-01 	 5.465366e-03
1.098901e-01 	 1.097636e-01 	 1.091759e-01 	 5.382401e-03
1.108891e-01 	 1.107387e-01 	 1.101548e-01 	 5.300928e-03
1.118881e-01 	 1.117135e-01 	 1.111333e-01 	 5.220909e-03
1.128871e-01 	 1.126878e-01 	 1.121113e-01 	 5.142304e-03
1.138861e-01 	 1.136618e-01 	 1.130890e-01 	 5.065077e-03
1.148851e-01 	 1.146354e-01 	 1.140663e-01 	 4.989191e-03
1.158841e-01 	 1.156086e-01 	 1.150432e-01 	 4.914611e-03
1.168831e-01 	 1.165814e-01 	 1.160197e-01 	 4.841304e-03
1.178821e-01 	 1.175537e-01 	 1.169958e-01 	 4.769237e-03
1.188811e-01 	 1.185257e-01 	 1.179714e-01 	 4.698380e-03
1.198801e-01 	 1.194972e-01 	 1.189467e-01 	 4.628701e-03
1.208791e-01 	 1.204684e-01 	 1.199215e-01 	 4.560171e-03
1.218781e-01 	 1.214390e-01 	 1.208959e-01 	 4.492762e-03
1.228771e-01 	 1.224093e-01 	 1.218699e-01 	 4.426447e-03
1.238761e-01 	 1.233791e-01 	 1.228434e-01 	 4.361199e-03
1.248751e-01 	 1.243485e-01 	 1.238165e-01 	 4.296992e-03
1.258741e-01 	 1.253175e-01 	 1.247892e-01 	 4.233801e-03
1.268731e-01 	 1.262860e-01 	 1.257614e-01 	 4.171603e-03
1.278721e-01 	 1.272541e-01 	 1.267331e-01 	 4.110373e-03
1.288711e-01 	 1.282217e-01 	 1.277045e-01 	 4.050090e-03
1.298701e-01 	 1.291888e-01 	 1.286753e-01 	 3.990731e-03
1.308691e-01 	 1.301555e-01 	 1.296457e-01 	 3.932275e-03
1.318681e-01 	 1.311217e-01 	 1.306156e-01 	 3.874701e-03
1.328671e-01 	 1.320875e-01 	 1.315851e-01 	 3.817990e-03
1.338661e-01 	 1.330528e-01 	 1.325541e-01 	 3.762122e-03
1.348651e-01 	 1.340176e-01 	 1.335226e-01 	 3.707078e-03
1.358641e-01 	 1.349819e-01 	 1.344906e-01 	 3.652840e-03
1.368631e-01 	 1.359457e-01 	 1.354581e-01 	 3.599390e-03
1.378621e-01 	 1.369090e-01 	 1.364252e-01 	 3.546711e-03
1.388611e-01 	 1.378719e-01 	 1.373917e-01 	 3.494786e-03
1.398601e-01 	 1.388342e-01 	 1.383578e-01 	 3.443599e-03
1.408591e-01 	 1.397960e-01 	 1.393233e-01 	 3.393134e-03
1.418581e-01 	 1.407574e-01 	 1.402883e-01 	 3.343376e-03
1.428571e-01 	 1.417182e-01 	 1.412529e-01 	 3.294310e-03
1.438561e-01 	 1.426785e-01 	 1.422169e-01 	 3.245921e-03
1.448551e-01 	 1.436383e-01 	 1.431803e-01 	 3.198195e-03
1.458541e-01 	 1.445975e-01 	 1.441433e-01 	 3.151119e-03
1.468531e-01 	 1.455562e-01 	 1.451057e-01 	 3.104679e-03
1.478521e-01 	 1.465144e-01 	 1.460676e-01 	 3.058862e-03
1.488511e-01 	 1.474721e-01 	 1.470290e-01 	 3.013656e-03
1.498501e-01 	 1.484292e-01 	 1.479898e-01 	 2.969048e-03
1.508492e-01 	 1.493857e-01 	 1.489501e-01 	 2.925026e-03
1.518482e-01 	 1.503417e-01 	 1.499098e-01 	 2.881579e-03
1.528472e-01 	 1.512972e-01 	 1.508689e-01 	 2.838695e-03
1.538462e-01 	 1.522521e-01 	 1.518275e-01 	 2.796363e-03
1.548452e-01 	 1.532064e-01 	 1.527856e-01 	 2.754573e-03
1.558442e-01 	 1.541602e-01 	 1.537430e-01 	 2.713313e-03
1.568432e-01 	 1.551134e-01 	 1.546999e-01 	 2.672574e-03
1.578422e-01 	 1.560660e-01 	 1.556562e-01 	 2.632346e-03
1.588412e-01 	 1.570180e-01 	 1.566120e-01 	 2.592619e-03
1.598402e-01 	 1.579694e-01 	 1.575671e-01 	 2.553383e-03
1.608392e-01 	 1.589203e-01 	 1.585216e-01 	 2.514629e-03
1.618382e-01 	 1.598705e-01 	 1.594756e-01 	 2.476348e-03
1.628372e-01 	 1.608202e-01 	 1.604290e-01 	 2.438532e-03
1.638362e-01 	 1.617692e-01 	 1.613817e-01 	 2.401172e-03
1.648352e-01 	 1.627176e-01 	 1.623338e-01 	 2.364259e-03
1.658342e-01 	 1.636655e-01 	 1.632854e-01 	 2.327785e-03
1.668332e-01 	 1.646127e-01 	 1.642363e-01 	 2.291743e-03
1.678322e-01 	 1.655592e-01 	 1.651866e-01 	 2.256124e-03
1.688312e-01 	 1.665052e-01 	 1.661362e-01 	 2.220921e-03
1.698302e-01 	 1.674505e-01 	 1.670852e-01 	 2.186126e-03
1.708292e-01 	 1.683952e-01 	 1.680336e-01 	 2.151733e-03
1.718282e-01 	 1.693392e-01 	 1.689814e-01 	 2.117734e-03
1.728272e-01 	 1.702826e-01 	 1.699285e-01 	 2.084121e-03
1.738262e-01 	 1.712254e-01 	 1.708749e-01 	 2.050890e-03
1.748252e-01 	 1.721675e-01 	 1.718207e-01 	 2.018032e-03
1.758242e-01 	 1.731089e-01 	 1.727659e-01 	 1.985541e-03
1.768232e-01 	 1.740497e-01 	 1.737103e-01 	 1.953411e-03
1.778222e-01 	 1.749898e-01 	 1.746541e-01 	 1.921637e-03
1.788212e-01 	 1.759292e-01 	 1.755973e-01 	 1.890211e-03
1.798202e-01 	 1.768679e-01 	 1.765397e-01 	 1.859128e-03
1.808192e-01 	 1.778060e-01 	 1.774815e-01 	 1.828382e-03
1.818182e-01 	 1.787434e-01 	 1.784226e-01 	 1.797968e-03
1.828172e-01 	 1.796800e-01 	 1.793629e-01 	 1.767879e-03
1.838162e-01 	 1.806160e-01 	 1.803026e-01 	 1.738112e-03
1.848152e-01 	 1.815513e-01 	 1.812416e-01 	 1.708659e-03
1.858142e-01 	 1.824859e-01 	 1.821799e-01 	 1.679517e-03
1.868132e-01 	 1.834197e-01 	 1.831175e-01 	 1.650680e-03
1.878122e-01 	 1.843529e-01 	 1.840543e-01 	 1.622142e-03
1.888112e-01 	 1.852853e-01 	 1.849905e-01 	 1.593900e-03
1.898102e-01 	 1.862170e-01 	 1.859259e-01 	 1.565949e-03
1.908092e-01 	 1.871480e-01 	 1.868605e-01 	 1.538284e-03
1.918082e-01 	 1.880782e-01 	 1.877945e-01 	 1.510899e-03
1.928072e-01 	 1.890077e-01 	 1.887277e-01 	 1.483792e-03
1.938062e-01 	 1.899365e-01 	 1.896601e-01 	 1.456957e-03
1.948052e-01 	 1.908645e-01 	 1.905918e-01 	 1.430390e-03
1.958042e-01 	 1.917917e-01 	 1.915228e-01 	 1.404088e-03
1.968032e-01 	 1.927182e-01 	 1.924530e-01 	 1.378045e-03
1.978022e-01 	 1.936439e-01 	 1.933824e-01 	 1.352258e-03
1.988012e-01 	 1.945689e-01 	 1.943111e-01 	 1.326723e-03
1.998002e-01 	 1.954930e-01 	 1.952390e-01 	 1.301436e-03
2.007992e-01 	 1.964164e-01 	 1.961661e-01 	 1.276394e-03
2.017982e-01 	 1.973391e-01 	 1.970924e-01 	 1.251592e-03
2.027972e-01 	 1.982609e-01 	 1.980179e-01 	 1.227027e-03
2.037962e-01 	 1.991819e-01 	 1.989427e-01 	 1.202695e-03
2.047952e-01 	 2.001022e-01 	 1.998666e-01 	 1.178593e-03
2.057942e-01 	 2.010216e-01 	 2.007897e-01 	 1.154718e-03
2.067932e-01 	 2.019402e-01 	 2.017120e-01 	 1.131066e-03
2.077922e-01 	 2.028580e-01 	 2.026336e-01 	 1.107633e-03
2.087912e-01 	 2.037750e-01 	 2.035543e-01 	 1.084417e-03
2.097902e-01 	 2.046912e-01 	 2.044741e-01 	 1.061415e-03
2.107892e-01 	 2.056065e-01 	 2.053932e-01 	 1.038622e-03
2.117882e-01 	 2.065210e-01 	 2.063114e-01 	 1.016037e-03
2.127872e-01 	 2.074347e-01 	 2.072287e-01 	 9.936559e-04
2.137862e-01 	 2.083475e-01 	 2.081453e-01 	 9.714761e-04
2.147852e-01 	 2.092594e-01 	 2.090609e-01 	 9.494946e-04
2.157842e-01 	 2.101705e-01 	 2.099758e-01 	 9.277086e-04
2.167832e-01 	 2.110808e-01 	 2.108897e-01 	 9.061153e-04
2.177822e-01 	 2.119902e-01 	 2.118028e-01 	 8.847119e-04
2.187812e-01 	 2.128987e-01 	 2.127150e-01 	 8.634959e-04
2.197802e-01 	 2.138064e-01 	 2.136264e-01 	 8.424645e-04
2.207792e-01 	 2.147131e-01 	 2.145369e-01 	 8.216151e-04
2.217782e-01 	 2.156190e-01 	 2.154464e-01 	 8.009453e-04
2.227772e-01 	 2.165240e-01 	 2.163551e-01 	 7.804525e-04
2.237762e-01 	 2.174281e-01 	 2.172629e-01 	 7.601342e-04
2.247752e-01 	 2.183313e-01 	 2.181698e-01 	 7.399881e-04
2.257742e-01 	 2.192336e-01 	 2.190758e-01 	 7.200118e-04
2.267732e-01 	 2.201350e-01 	 2.199809e-01 	 7.002029e-04
2.277722e-01 	 2.210354e-01 	 2.208851e-01 	 6.805592e-04
2.287712e-01 	 2.219350e-01 	 2.217883e-01 	 6.610784e-04
2.297702e-01 	 2.228336e-01 	 2.226907e-01 	 6.417583e-04
2.307692e-01 	 2.237313e-01 	 2.235920e-01 	 6.225967e-04
2.317682e-01 	 2.246280e-01 	 2.244925e-01 	 6.035915e-04
2.327672e-01 	 2.255238e-01 	 2.253920e-01 	 5.847407e-04
2.337662e-01 	 2.264187e-01 	 2.262906e-01 	 5.660420e-04
2.347652e-01 	 2.273126e-01 	 2.271882e-01 	 5.474936e-04
2.357642e-01 	 2.282055e-01 	 2.280848e-01 	 5.290934e-04
2.367632e-01 	 2.290975e-01 	 2.289805e-01 	 5.108395e-04
2.377622e-01 	 2.299885e-01 	 2.298752e-01 	 4.927299e-04
2.387612e-01 	 2.308785e-01 	 2.307690e-01 	 4.747627e-04
2.397602e-01 	 2.317676e-01 	 2.316617e-01 	 4.569361e-04
2.407592e-01 	 2.326557e-01 	 2.325535e-01 	 4.392482e-04
2.417582e-01 	 2.335427e-01 	 2.334443e-01 	 4.216973e-04
2.427572e-01 	 2.344288e-01 	 2.343341e-01 	 4.042815e-04
2.437562e-01 	 2.353139e-01 	 2.352229e-01 	 3.869991e-04
2.447552e-01 	 2.361980e-01 	 2.361107e-01 	 3.698485e-04
2.457542e-01 	 2.370810e-01 	 2.369974e-01 	 3.528278e-04
2.467532e-01 	 2.379631e-01 	 2.378832e-01 	 3.359354e-04
2.477522e-01 	 2.388441e-01 	 2.387679e-01 	 3.191698e-04
2.487512e-01 	 2.397241e-01 	 2.396516e-01 	 3.025293e-04
2.497502e-01 	 2.406031e-01 	 2.405343e-01 	 2.860122e-04
2.507493e-01 	 2.414810e-01 	 2.414159e-01 	 2.696171e-04
2.517483e-01 	 2.423579e-01 	 2.422965e-01 	 2.533424e-04
2.527473e-01 	 2.432337e-01 	 2.431760e-01 	 2.371866e-04
2.537463e-01 	 2.441084e-01 	 2.440545e-01 	 2.211483e-04
2.547453e-01 	 2.449821e-01 	 2.449319e-01 	 2.052258e-04
2.557443e-01 	 2.458548e-01 	 2.458082e-01 	 1.894179e-04
2.567433e-01 	 2.467263e-01 	 2.466835e-01 	 1.737230e-04
2.577423e-01 	 2.475968e-01 	 2.475577e-01 	 1.581398e-04
2.587413e-01 	 2.484662e-01 	 2.484308e-01 	 1.426669e-04
2.597403e-01 	 2.493345e-01 	 2.493028e-01 	 1.273029e-04
2.607393e-01 	 2.502018e-01 	 2.501737e-01 	 1.120466e-04
2.617383e-01 	 2.510679e-01 	 2.510435e-01 	 9.689648e-05
2.627373e-01 	 2.519329e-01 	 2.519123e-01 	 8.185139e-05
2.637363e-01 	 2.527968e-01 	 2.527799e-01 	 6.691000e-05
2.647353e-01 	 2.536595e-01 	 2.536463e-01 	 5.207107e-05
2.657343e-01 	 2.545212e-01 	 2.545117e-01 	 3.733333e-05
2.667333e-01 	 2.553817e-01 	 2.553759e-01 	 2.269559e-05
2.677323e-01 	 2.562411e-01 	 2.562390e-01 	 8.156616e-06
2.687313e-01 	 2.570994e-01 	 2.571010e-01 	 6.284762e-06
2.697303e-01 	 2.579565e-01 	 2.579618e-01 	 2.062972e-05
2.707293e-01 	 2.588124e-01 	 2.588214e-01 	 3.487941e-05
2.717283e-01 	 2.596672e-01 	 2.596799e-01 	 4.903497e-05
2.727273e-01 	 2.605208e-01 	 2.605372e-01 	 6.309752e-05
2.737263e-01 	 2.613733e-01 	 2.613934e-01 	 7.706817e-05
2.747253e-01 	 2.622245e-01 	 2.622484e-01 	 9.094800e-05
2.757243e-01 	 2.630746e-01 	 2.631022e-01 	 1.047381e-04
2.767233e-01 	 2.639235e-01 	 2.639548e-01 	 1.184395e-04
2.777223e-01 	 2.647713e-01 	 2.648062e-01 	 1.320533e-04
2.787213e-01 	 2.656178e-01 	 2.656564e-01 	 1.455804e-04
2.797203e-01 	 2.664631e-01 	 2.665055e-01 	 1.590220e-04
2.807193e-01 	 2.673072e-01 	 2.673533e-01 	 1.723789e-04
2.817183e-01 	 2.681501e-01 	 2.681999e-01 	 1.856523e-04
2.827173e-01 	 2.689917e-01 	 2.690452e-01 	 1.988430e-04
2.837163e-01 	 2.698322e-01 	 2.698894e-01 	 2.119521e-04
2.847153e-01 	 2.706713e-01 	 2.707323e-01 	 2.249804e-04
2.857143e-01 	 2.715093e-01 	 2.715739e-01 	 2.379290e-04
2.867133e-01 	 2.723460e-01 	 2.724143e-01 	 2.507986e-04
2.877123e-01 	 2.731815e-01 	 2.732535e-01 	 2.635904e-04
2.887113e-01 	 2.740157e-01 	 2.740914e-01 	 2.763050e-04
2.897103e-01 	 2.748486e-01 	 2.749280e-01 	 2.889435e-04
2.907093e-01 	 2.756803e-01 	 2.757634e-01 	 3.015067e-04
2.917083e-01 	 2.765106e-01 	 2.765975e-01 	 3.139954e-04
2.927073e-01 	 2.773397e-01 	 2.774303e-01 	 3.264105e-04
2.937063e-01 	 2.781676e-01 	 2.782618e-01 	 3.387529e-04
2.947053e-01 	 2.789941e-01 	 2.790920e-01 	 3.510234e-04
2.957043e-01 	 2.798193e-01 	 2.799210e-01 	 3.632228e-04
2.967033e-01 	 2.806432e-01 	 2.807486e-01 	 3.753519e-04
2.977023e-01 	 2.814658e-01 	 2.815749e-01 	 3.874115e-04
2.987013e-01 	 2.822871e-01 	 2.823999e-01 	 3.994023e-04
2.997003e-01 	 2.831070e-01 	 2.832235e-01 	 4.113253e-04
3.006993e-01 	 2.839256e-01 	 2.840458e-01 	 4.231811e-04
3.016983e-01 	 2.847429e-01 	 2.848668e-01 	 4.349704e-04
3.026973e-01 	 2.855588e-01 	 2.856865e-01 	 4.466941e-04
3.036963e-01 	 2.863734e-01 	 2.865048e-01 	 4.583529e-04
3.046953e-01 	 2.871867e-01 	 2.873217e-01 	 4.699475e-04
3.056943e-01 	 2.879985e-01 	 2.881373e-01 	 4.814786e-04
3.066933e-01 	 2.888090e-01 	 2.889515e-01 	 4.929470e-04
3.076923e-01 	 2.896181e-01 	 2.897643e-01 	 5.043533e-04
3.086913e-01 	 2.904259e-01 	 2.905757e-01 	 5.156982e-04
3.096903e-01 	 2.912322e-01 	 2.913858e-01 	 5.269824e-04
3.106893e-01 	 2.920372e-01 	 2.921945e-01 	 5.382067e-04
3.116883e-01 	 2.928408e-01 	 2.930017e-01 	 5.493716e-04
3.126873e-01 	 2.936429e-01 	 2.938076e-01 	 5.604779e-04
3.136863e-01 	 2.944436e-01 	 2.946120e-01 	 5.715261e-04
3.146853e-01 	 2.952430e-01 	 2.954150e-01 	 5.825169e-04
3.156843e-01 	 2.960409e-01 	 2.962166e-01 	 5.934510e-04
3.166833e-01 	 2.968373e-01 	 2.970168e-01 	 6.043290e-04
3.176823e-01 	 2.976323e-01 	 2.978155e-01 	 6.151515e-04
3.186813e-01 	 2.984259e-01 	 2.986128e-01 	 6.259192e-04
3.196803e-01 	 2.992180e-01 	 2.994086e-01 	 6.366326e-04
3.206793e-01 	 3.000087e-01 	 3.002030e-01 	 6.472923e-04
3.216783e-01 	 3.007979e-01 	 3.009959e-01 	 6.578989e-04
3.226773e-01 	 3.015856e-01 	 3.017874e-01 	 6.684531e-04
3.236763e-01 	 3.023719e-01 	 3.025773e-01 	 6.789554e-04
3.246753e-01 	 3.031566e-01 	 3.033658e-01 	 6.894063e-04
3.256743e-01 	 3.039399e-01 	 3.041528e-01 	 6.998065e-04
3.266733e-01 	 3.047217e-01 	 3.049383e-01 	 7.101565e-04
3.276723e-01 	 3.055020e-01 	 3.057222e-01 	 7.204569e-04
3.286713e-01 	 3.062808e-01 	 3.065047e-01 	 7.307081e-04
3.296703e-01 	 3.070580e-01 	 3.072857e-01 	 7.409108e-04
3.306693e-01 	 3.078337e-01 	 3.080651e-01 	 7.510655e-04
3.316683e-01 	 3.086079e-01 	 3.088430e-01 	 7.611727e-04
3.326673e-01 	 3.093806e-01 	 3.096194e-01 	 7.712329e-04
3.336663e-01 	 3.101517e-01 	 3.103942e-01 	 7.812467e-04
3.346653e-01 	 3.109213e-01 	 3.111675e-01 	 7.912145e-04
3.356643e-01 	 3.116893e-01 	 3.119392e-01 	 8.011369e-04
3.366633e-01 	 3.124557e-01 	 3.127093e-01 	 8.110144e-04
3.376623e-01 	 3.132206e-01 	 3.134779e-01 	 8.208475e-04
3.386613e-01 	 3.139839e-01 	 3.142449e-01 	 8.306366e-04
3.396603e-01 	 3.147456e-01 	 3.150104e-01 	 8.403823e-04
3.406593e-01 	 3.155058e-01 	 3.157742e-01 	 8.500850e-04
3.416583e-01 	 3.162643e-01 	 3.165364e-01 	 8.597452e-04
3.426573e-01 	 3.170212e-01 	 3.172971e-01 	 8.693634e-04
3.436563e-01 	 3.177765e-01 	 3.180561e-01 	 8.789401e-04
3.446553e-01 	 3.185302e-01 	 3.188135e-01 	 8.884756e-04
3.456543e-01 	 3.192823e-01 	 3.195693e-01 	 8.979705e-04
3.466533e-01 	 3.200328e-01 	 3.203234e-01 	 9.074252e-04
3.476523e-01 	 3.207816e-01 	 3.210759e-01 	 9.168402e-04
3.486513e-01 	 3.215287e-01 	 3.218268e-01 	 9.262159e-04
3.496503e-01 	 3.222742e-01 	 3.225760e-01 	 9.355527e-04
3.506494e-01 	 3.230181e-01 	 3.233236e-01 	 9.448510e-04
3.516484e-01 	 3.237603e-01 	 3.240695e-01 	 9.541114e-04
3.526474e-01 	 3.245008e-01 	 3.248137e-01 	 9.633342e-04
3.536464e-01 	 3.252396e-01 	 3.255563e-01 	 9.725198e-04
3.546454e-01 	 3.259768e-01 	 3.262971e-01 	 9.816688e-04
3.556444e-01 	 3.267123e-01 	 3.270363e-01 	 9.907813e-04
3.566434e-01 	 3.274460e-01 	 3.277738e-01 	 9.998580e-04
3.576424e-01 	 3.281781e-01 	 3.285095e-01 	 1.008899e-03
3.586414e-01 	 3.289084e-01 	 3.292436e-01 	 1.017905e-03
3.596404e-01 	 3.296370e-01 	 3.299759e-01 	 1.026876e-03
3.606394e-01 	 3.303639e-01 	 3.307065e-01 	 1.035813e-03
3.616384e-01 	 3.310891e-01 	 3.314353e-01 	 1.044717e-03
3.626374e-01 	 3.318125e-01 	 3.321625e-01 	 1.053586e-03
3.636364e-01 	 3.325342e-01 	 3.328878e-01 	 1.062422e-03
3.646354e-01 	 3.332541e-01 	 3.336115e-01 	 1.071226e-03
3.656344e-01 	 3.339722e-01 	 3.343333e-01 	 1.079997e-03
3.666334e-01 	 3.346886e-01 	 3.350534e-01 	 1.088736e-03
3.676324e-01 	 3.354032e-01 	 3.357717e-01 	 1.097444e-03
3.686314e-01 	 3.361160e-01 	 3.364882e-01 	 1.106120e-03
3.696304e-01 	 3.368270e-01 	 3.372029e-01 	 1.114765e-03
3.706294e-01 	 3.375363e-01 	 3.379159e-01 	 1.123379e-03
3.716284e-01 	 3.382437e-01 	 3.386270e-01 	 1.131964e-03
3.726274e-01 	 3.389493e-01 	 3.393363e-01 	 1.140518e-03
3.736264e-01 	 3.396531e-01 	 3.400438e-01 	 1.149043e-03
3.746254e-01 	 3.403550e-01 	 3.407495e-01 	 1.157539e-03
3.756244e-01 	 3.410552e-01 	 3.414533e-01 	 1.166005e-03
3.766234e-01 	 3.417534e-01 	 3.421553e-01 	 1.174444e-03
3.776224e-01 	 3.424499e-01 	 3.428554e-01 	 1.182854e-03
3.786214e-01 	 3.431444e-01 	 3.435537e-01 	 1.191236e-03
3.796204e-01 	 3.438371e-01 	 3.442501e-01 	 1.199591e-03
3.806194e-01 	 3.445280e-01 	 3.449446e-01 	 1.207919e-03
3.816184e-01 	 3.452169e-01 	 3.456373e-01 	 1.216219e-03
3.826174e-01 	 3.459040e-01 	 3.463281e-01 	 1.224494e-03
3.836164e-01 	 3.465892e-01 	 3.470170e-01 	 1.232741e-03
3.846154e-01 	 3.472725e-01 	 3.477040e-01 	 1.240964e-03
3.856144e-01 	 3.479538e-01 	 3.483890e-01 	 1.249160e-03
3.866134e-01 	 3.486333e-01 	 3.490722e-01 	 1.257331e-03
3.876124e-01 	 3.493108e-01 	 3.497534e-01 	 1.265478e-03
3.886114e-01 	 3.499864e-01 	 3.504327e-01 	 1.273599e-03
3.896104e-01 	 3.506601e-01 	 3.511101e-01 	 1.281696e-03
3.906094e-01 	 3.513318e-01 	 3.517855e-01 	 1.289770e-03
3.916084e-01 	 3.520015e-01 	 3.524590e-01 	 1.297819e-03
3.926074e-01 	 3.526693e-01 	 3.531305e-01 	 1.305845e-03
3.936064e-01 	 3.533352e-01 	 3.538000e-01 	 1.313848e-03
3.946054e-01 	 3.539990e-01 	 3.544676e-01 	 1.321828e-03
3.956044e-01 	 3.546609e-01 	 3.551331e-01 	 1.329785e-03
3.966034e-01 	 3.553208e-01 	 3.557967e-01 	 1.337720e-03
3.976024e-01 	 3.559787e-01 	 3.564583e-01 	 1.345633e-03
3.986014e-01 	 3.566345e-01 	 3.571179e-01 	 1.353525e-03
3.996004e-01 	 3.572884e-01 	 3.577755e-01 	 1.361395e-03
4.005994e-01 	 3.579402e-01 	 3.584310e-01 	 1.369243e-03
4.015984e-01 	 3.585900e-01 	 3.590845e-01 	 1.377071e-03
4.025974e-01 	 3.592378e-01 	 3.597360e-01 	 1.384879e-03
4.035964e-01 	 3.598835e-01 	 3.603854e-01 	 1.392666e-03
4.045954e-01 	 3.605272e-01 	 3.610328e-01 	 1.400433e-03
4.055944e-01 	 3.611688e-01 	 3.616781e-01 	 1.408180e-03
4.065934e-01 	 3.618084e-01 	 3.623214e-01 	 1.415907e-03
4.075924e-01 	 3.624458e-01 	 3.629626e-01 	 1.423616e-03
4.085914e-01 	 3.630812e-01 	 3.636017e-01 	 1.431305e-03
4.095904e-01 	 3.637145e-01 	 3.642387e-01 	 1.438976e-03
4.105894e-01 	 3.643457e-01 	 3.648736e-01 	 1.446628e-03
4.115884e-01 	 3.649748e-01 	 3.655064e-01 	 1.454262e-03
4.125874e-01 	 3.656018e-01 	 3.661370e-01 	 1.461878e-03
4.135864e-01 	 3.662266e-01 	 3.667656e-01 	 1.469476e-03
4.145854e-01 	 3.668494e-01 	 3.673920e-01 	 1.477057e-03
4.155844e-01 	 3.674699e-01 	 3.680163e-01 	 1.484621e-03
4.165834e-01 	 3.680884e-01 	 3.686384e-01 	 1.492168e-03
4.175824e-01 	 3.687047e-01 	 3.692584e-01 	 1.499698e-03
4.185814e-01 	 3.693188e-01 	 3.698763e-01 	 1.507211e-03
4.195804e-01 	 3.699307e-01 	 3.704919e-01 	 1.514709e-03
4.205794e-01 	 3.705405e-01 	 3.711054e-01 	 1.522190e-03
4.215784e-01 	 3.711481e-01 	 3.717167e-01 	 1.529656e-03
4.225774e-01 	 3.717535e-01 	 3.723258e-01 	 1.537107e-03
4.235764e-01 	 3.723566e-01 	 3.729327e-01 	 1.544542e-03
4.245754e-01 	 3.729576e-01 	 3.735373e-01 	 1.551962e-03
4.255744e-01 	 3.735564e-01 	 3.741398e-01 	 1.559367e-03
4.265734e-01 	 3.741529e-01 	 3.747400e-01 	 1.566758e-03
4.275724e-01 	 3.747472e-01 	 3.753380e-01 	 1.574135e-03
4.285714e-01 	 3.753393e-01 	 3.759338e-01 	 1.581498e-03
4.295704e-01 	 3.759291e-01 	 3.765273e-01 	 1.588846e-03
4.305694e-01 	 3.765166e-01 	 3.771186e-01 	 1.596182e-03
4.315684e-01 	 3.771019e-01 	 3.777075e-01 	 1.603504e-03
4.325674e-01 	 3.776849e-01 	 3.782942e-01 	 1.610812e-03
4.335664e-01 	 3.782656e-01 	 3.788787e-01 	 1.618108e-03
4.345654e-01 	 3.788440e-01 	 3.794608e-01 	 1.625392e-03
4.355644e-01 	 3.794201e-01 	 3.800406e-01 	 1.632662e-03
4.365634e-01 	 3.799940e-01 	 3.806181e-01 	 1.639921e-03
4.375624e-01 	 3.805654e-01 	 3.811933e-01 	 1.647168e-03
4.385614e-01 	 3.811346e-01 	 3.817662e-01 	 1.654402e-03
4.395604e-01 	 3.817015e-01 	 3.823368e-01 	 1.661626e-03
4.405594e-01 	 3.822660e-01 	 3.829050e-01 	 1.668838e-03
4.415584e-01 	 3.828281e-01 	 3.834708e-01 	 1.676039e-03
4.425574e-01 	 3.833879e-01 	 3.840343e-01 	 1.683229e-03
4.435564e-01 	 3.839453e-01 	 3.845954e-01 	 1.690408e-03
4.445554e-01 	 3.845004e-01 	 3.851542e-01 	 1.697577e-03
4.455544e-01 	 3.850530e-01 	 3.857106e-01 	 1.704735e-03
4.465534e-01 	 3.856033e-01 	 3.862645e-01 	 1.711884e-03
4.475524e-01 	 3.861512e-01 	 3.868161e-01 	 1.719023e-03
4.485514e-01 	 3.866966e-01 	 3.873653e-01 	 1.726152e-03
4.495504e-01 	 3.872397e-01 	 3.879120e-01 	 1.733272e-03
4.505495e-01 	 3.877803e-01 	 3.884563e-01 	 1.740383e-03
4.515485e-01 	 3.883185e-01 	 3.889982e-01 	 1.747484e-03
4.525475e-01 	 3.888542e-01 	 3.895377e-01 	 1.754577e-03
4.535465e-01 	 3.893875e-01 	 3.900747e-01 	 1.761661e-03
4.545455e-01 	 3.899183e-01 	 3.906092e-01 	 1.768737e-03
4.555445e-01 	 3.904467e-01 	 3.911413e-01 	 1.775805e-03
4.565435e-01 	 3.909726e-01 	 3.916708e-01 	 1.782865e-03
4.575425e-01 	 3.914959e-01 	 3.921979e-01 	 1.789918e-03
4.585415e-01 	 3.920168e-01 	 3.927226e-01 	 1.796962e-03
4.595405e-01 	 3.925352e-01 	 3.932447e-01 	 1.804000e-03
4.605395e-01 	 3.930511e-01 	 3.937642e-01 	 1.811030e-03
4.615385e-01 	 3.935645e-01 	 3.942813e-01 	 1.818053e-03
4.625375e-01 	 3.940753e-01 	 3.947959e-01 	 1.825070e-03
4.635365e-01 	 3.945836e-01 	 3.953079e-01 	 1.832080e-03
4.645355e-01 	 3.950894e-01 	 3.958173e-01 	 1.839084e-03
4.655345e-01 	 3.955926e-01 	 3.963242e-01 	 1.846082e-03
4.665335e-01 	 3.960932e-01 	 3.968285e-01 	 1.853074e-03
4.675325e-01 	 3.965912e-01 	 3.973303e-01 	 1.860060e-03
4.685315e-01 	 3.970867e-01 	 3.978295e-01 	 1.867040e-03
4.695305e-01 	 3.975796e-01 	 3.983261e-01 	 1.874016e-03
4.705295e-01 	 3.980699e-01 	 3.988200e-01 	 1.880986e-03
4.715285e-01 	 3.985575e-01 	 3.993114e-01 	 1.887951e-03
4.725275e-01 	 3.990426e-01 	 3.998002e-01 	 1.894912e-03
4.735265e-01 	 3.995250e-01 	 4.002863e-01 	 1.901868e-03
4.745255e-01 	 4.000048e-01 	 4.007698e-01 	 1.908820e-03
4.755245e-01 	 4.004820e-01 	 4.012507e-01 	 1.915767e-03
4.765235e-01 	 4.009564e-01 	 4.017289e-01 	 1.922711e-03
4.775225e-01 	 4.014283e-01 	 4.022044e-01 	 1.929651e-03
4.785215e-01 	 4.018974e-01 	 4.026773e-01 	 1.936587e-03
4.795205e-01 	 4.023639e-01 	 4.031474e-01 	 1.943520e-03
4.805195e-01 	 4.028277e-01 	 4.036149e-01 	 1.950450e-03
4.815185e-01 	 4.032888e-01 	 4.040797e-01 	 1.957377e-03
4.825175e-01 	 4.037472e-01 	 4.045418e-01 	 1.964301e-03
4.835165e-01 	 4.042028e-01 	 4.050012e-01 	 1.971223e-03
4.845155e-01 	 4.046558e-01 	 4.054578e-01 	 1.978142e-03
4.855145e-01 	 4.051060e-01 	 4.059117e-01 	 1.985059e-03
4.865135e-01 	 4.055534e-01 	 4.063629e-01 	 1.991974e-03
4.875125e-01 	 4.059981e-01 	 4.068113e-01 	 1.998887e-03
4.885115e-01 	 4.064401e-01 	 4.072570e-01 	 2.005799e-03
4.895105e-01 	 4.068792e-01 	 4.076998e-01 	 2.012709e-03
4.905095e-01 	 4.073156e-01 	 4.081399e-01 	 2.019618e-03
4.915085e-01 	 4.077492e-01 	 4.085772e-01 	 2.026526e-03
4.925075e-01 	 4.081800e-01 	 4.090117e-01 	 2.033433e-03
4.935065e-01 	 4.086080e-01 	 4.094434e-01 	 2.040339e-03
4.945055e-01 	 4.090332e-01 	 4.098723e-01 	 2.047245e-03
4.955045e-01 	 4.094555e-01 	 4.102983e-01 	 2.054150e-03
4.965035e-01 	 4.098750e-01 	 4.107216e-01 	 2.061056e-03
4.975025e-01 	 4.102917e-01 	 4.111419e-01 	 2.067961e-03
4.985015e-01 	 4.107055e-01 	 4.115594e-01 	 2.074867e-03
4.995005e-01 	 4.111164e-01 	 4.119741e-01 	 2.081773e-03
5.004995e-01 	 4.115245e-01 	 4.123858e-01 	 2.088680e-03
5.014985e-01 	 4.119297e-01 	 4.127947e-01 	 2.095588e-03
5.024975e-01 	 4.123320e-01 	 4.132007e-01 	 2.102497e-03
5.034965e-01 	 4.127313e-01 	 4.136038e-01 	 2.109407e-03
5.044955e-01 	 4.131278e-01 	 4.140040e-01 	 2.116319e-03
5.054945e-01 	 4.135214e-01 	 4.144012e-01 	 2.123232e-03
5.064935e-01 	 4.139120e-01 	 4.147955e-01 	 2.130147e-03
5.074925e-01 	 4.142996e-01 	 4.151869e-01 	 2.137064e-03
5.084915e-01 	 4.146844e-01 	 4.155754e-01 	 2.143983e-03
5.094905e-01 	 4.150661e-01 	 4.159608e-01 	 2.150905e-03
5.104895e-01 	 4.154449e-01 	 4.163433e-01 	 2.157829e-03
5.114885e-01 	 4.158207e-01 	 4.167228e-01 	 2.164756e-03
5.124875e-01 	 4.161936e-01 	 4.170994e-01 	 2.171686e-03
5.134865e-01 	 4.165634e-01 	 4.174729e-01 	 2.178619e-03
5.144855e-01 	 4.169302e-01 	 4.178434e-01 	 2.185555e-03
5.154845e-01 	 4.172940e-01 	 4.182109e-01 	 2.192495e-03
5.164835e-01 	 4.176548e-01 	 4.185754e-01 	 2.199439e-03
5.174825e-01 	 4.180125e-01 	 4.189368e-01 	 2.206386e-03
5.184815e-01 	 4.183672e-01 	 4.192952e-01 	 2.213338e-03
5.194805e-01 	 4.187188e-01 	 4.196505e-01 	 2.220294e-03
5.204795e-01 	 4.190674e-01 	 4.200028e-01 	 2.227254e-03
5.214785e-01 	 4.194128e-01 	 4.203520e-01 	 2.234219e-03
5.224775e-01 	 4.197552e-01 	 4.206981e-01 	 2.241189e-03
5.234765e-01 	 4.200945e-01 	 4.210411e-01 	 2.248164e-03
5.244755e-01 	 4.204307e-01 	 4.213810e-01 	 2.255145e-03
5.254745e-01 	 4.207638e-01 	 4.217178e-01 	 2.262130e-03
5.264735e-01 	 4.210937e-01 	 4.220514e-01 	 2.269122e-03
5.274725e-01 	 4.214205e-01 	 4.223819e-01 	 2.276119e-03
5.284715e-01 	 4.217442e-01 	 4.227093e-01 	 2.283122e-03
5.294705e-01 	 4.220647e-01 	 4.230335e-01 	 2.290132e-03
5.304695e-01 	 4.223820e-01 	 4.233545e-01 	 2.297148e-03
5.314685e-01 	 4.226962e-01 	 4.236724e-01 	 2.304171e-03
5.324675e-01 	 4.230072e-01 	 4.239871e-01 	 2.311200e-03
5.334665e-01 	 4.233149e-01 	 4.242986e-01 	 2.318237e-03
5.344655e-01 	 4.236195e-01 	 4.246068e-01 	 2.325281e-03
5.354645e-01 	 4.239209e-01 	 4.249119e-01 	 2.332332e-03
5.364635e-01 	 4.242190e-01 	 4.252137e-01 	 2.339391e-03
5.374625e-01 	 4.245139e-01 	 4.255123e-01 	 2.346458e-03
5.384615e-01 	 4.248055e-01 	 4.258077e-01 	 2.353532e-03
5.394605e-01 	 4.250939e-01 	 4.260997e-01 	 2.360615e-03
5.404595e-01 	 4.253790e-01 	 4.263886e-01 	 2.367707e-03
5.414585e-01 	 4.256608e-01 	 4.266741e-01 	 2.374807e-03
5.424575e-01 	 4.259394e-01 	 4.269563e-01 	 2.381916e-03
5.434565e-01 	 4.262146e-01 	 4.272353e-01 	 2.389034e-03
5.444555e-01 	 4.264866e-01 	 4.275109e-01 	 2.396161e-03
5.454545e-01 	 4.267552e-01 	 4.277833e-01 	 2.403297e-03
5.464535e-01 	 4.270205e-01 	 4.280522e-01 	 2.410444e-03
5.474525e-01 	 4.272824e-01 	 4.283179e-01 	 2.417600e-03
5.484515e-01 	 4.275410e-01 	 4.285802e-01 	 2.424766e-03
5.494505e-01 	 4.277962e-01 	 4.288391e-01 	 2.431943e-03
5.504496e-01 	 4.280481e-01 	 4.290947e-01 	 2.439130e-03
5.514486e-01 	 4.282966e-01 	 4.293469e-01 	 2.446328e-03
5.524476e-01 	 4.285417e-01 	 4.295957e-01 	 2.453537e-03
5.534466e-01 	 4.287833e-01 	 4.298411e-01 	 2.460756e-03
5.544456e-01 	 4.290216e-01 	 4.300831e-01 	 2.467988e-03
5.554446e-01 	 4.292565e-01 	 4.303216e-01 	 2.475230e-03
5.564436e-01 	 4.294879e-01 	 4.305567e-01 	 2.482485e-03
5.574426e-01 	 4.297158e-01 	 4.307884e-01 	 2.489751e-03
5.584416e-01 	 4.299404e-01 	 4.310166e-01 	 2.497030e-03
5.594406e-01 	 4.301614e-01 	 4.312414e-01 	 2.504321e-03
5.604396e-01 	 4.303790e-01 	 4.314626e-01 	 2.511625e-03
5.614386e-01 	 4.305930e-01 	 4.316804e-01 	 2.518942e-03
5.624376e-01 	 4.308036e-01 	 4.318947e-01 	 2.526272e-03
5.634366e-01 	 4.310107e-01 	 4.321055e-01 	 2.533615e-03
5.644356e-01 	 4.312142e-01 	 4.323127e-01 	 2.540971e-03
5.654346e-01 	 4.314143e-01 	 4.325165e-01 	 2.548341e-03
5.664336e-01 	 4.316107e-01 	 4.327166e-01 	 2.555726e-03
5.674326e-01 	 4.318037e-01 	 4.329133e-01 	 2.563124e-03
5.684316e-01 	 4.319930e-01 	 4.331064e-01 	 2.570537e-03
5.694306e-01 	 4.321788e-01 	 4.332958e-01 	 2.577965e-03
5.704296e-01 	 4.323610e-01 	 4.334818e-01 	 2.585407e-03
5.714286e-01 	 4.325396e-01 	 4.336641e-01 	 2.592865e-03
5.724276e-01 	 4.327146e-01 	 4.338428e-01 	 2.600338e-03
5.734266e-01 	 4.328860e-01 	 4.340179e-01 	 2.607826e-03
5.744256e-01 	 4.330538e-01 	 4.341893e-01 	 2.615330e-03
5.754246e-01 	 4.332179e-01 	 4.343572e-01 	 2.622851e-03
5.764236e-01 	 4.333784e-01 	 4.345213e-01 	 2.630387e-03
5.774226e-01 	 4.335352e-01 	 4.346818e-01 	 2.637940e-03
5.784216e-01 	 4.336883e-01 	 4.348387e-01 	 2.645510e-03
5.794206e-01 	 4.338377e-01 	 4.349918e-01 	 2.653097e-03
5.804196e-01 	 4.339835e-01 	 4.351413e-01 	 2.660701e-03
5.814186e-01 	 4.341256e-01 	 4.352870e-01 	 2.668323e-03
5.824176e-01 	 4.342639e-01 	 4.354291e-01 	 2.675963e-03
5.834166e-01 	 4.343985e-01 	 4.355674e-01 	 2.683620e-03
5.844156e-01 	 4.345293e-01 	 4.357020e-01 	 2.691296e-03
5.854146e-01 	 4.346565e-01 	 4.358328e-01 	 2.698990e-03
5.864136e-01 	 4.347798e-01 	 4.359598e-01 	 2.706702e-03
5.874126e-01 	 4.348994e-01 	 4.360831e-01 	 2.714434e-03
5.884116e-01 	 4.350152e-01 	 4.362026e-01 	 2.722185e-03
5.894106e-01 	 4.351272e-01 	 4.363183e-01 	 2.729956e-03
5.904096e-01 	 4.352354e-01 	 4.364302e-01 	 2.737746e-03
5.914086e-01 	 4.353398e-01 	 4.365383e-01 	 2.745556e-03
5.924076e-01 	 4.354403e-01 	 4.366425e-01 	 2.753387e-03
5.934066e-01 	 4.355370e-01 	 4.367430e-01 	 2.761238e-03
5.944056e-01 	 4.356299e-01 	 4.368395e-01 	 2.769110e-03
5.954046e-01 	 4.357188e-01 	 4.369322e-01 	 2.777003e-03
5.964036e-01 	 4.358040e-01 	 4.370210e-01 	 2.784917e-03
5.974026e-01 	 4.358852e-01 	 4.371060e-01 	 2.792853e-03
5.984016e-01 	 4.359625e-01 	 4.371870e-01 	 2.800811e-03
5.994006e-01 	 4.360359e-01 	 4.372641e-01 	 2.808791e-03
6.003996e-01 	 4.361054e-01 	 4.373373e-01 	 2.816794e-03
6.013986e-01 	 4.361710e-01 	 4.374066e-01 	 2.824819e-03
6.023976e-01 	 4.362326e-01 	 4.374719e-01 	 2.832867e-03
6.033966e-01 	 4.362903e-01 	 4.375333e-01 	 2.840938e-03
6.043956e-01 	 4.363440e-01 	 4.375907e-01 	 2.849033e-03
6.053946e-01 	 4.363937e-01 	 4.376441e-01 	 2.857152e-03
6.063936e-01 	 4.364394e-01 	 4.376936e-01 	 2.865295e-03
6.073926e-01 	 4.364812e-01 	 4.377390e-01 	 2.873463e-03
6.083916e-01 	 4.365189e-01 	 4.377804e-01 	 2.881655e-03
6.093906e-01 	 4.365526e-01 	 4.378178e-01 	 2.889872e-03
6.103896e-01 	 4.365822e-01 	 4.378512e-01 	 2.898114e-03
6.113886e-01 	 4.366078e-01 	 4.378805e-01 	 2.906382e-03
6.123876e-01 	 4.366294e-01 	 4.379057e-01 	 2.914676e-03
6.133866e-01 	 4.366468e-01 	 4.379269e-01 	 2.922997e-03
6.143856e-01 	 4.366602e-01 	 4.379440e-01 	 2.931343e-03
6.153846e-01 	 4.366695e-01 	 4.379570e-01 	 2.939717e-03
6.163836e-01 	 4.366747e-01 	 4.379658e-01 	 2.948118e-03
6.173826e-01 	 4.366757e-01 	 4.379706e-01 	 2.956546e-03
6.183816e-01 	 4.366726e-01 	 4.379712e-01 	 2.965002e-03
6.193806e-01 	 4.366654e-01 	 4.379677e-01 	 2.973486e-03
6.203796e-01 	 4.366540e-01 	 4.379600e-01 	 2.981998e-03
6.213786e-01 	 4.366385e-01 	 4.379482e-01 	 2.990540e-03
6.223776e-01 	 4.366188e-01 	 4.379322e-01 	 2.999110e-03
6.233766e-01 	 4.365949e-01 	 4.379120e-01 	 3.007710e-03
6.243756e-01 	 4.365667e-01 	 4.378875e-01 	 3.016339e-03
6.253746e-01 	 4.365344e-01 	 4.378589e-01 	 3.024999e-03
6.263736e-01 	 4.364978e-01 	 4.378260e-01 	 3.033689e-03
6.273726e-01 	 4.364570e-01 	 4.377889e-01 	 3.042410e-03
6.283716e-01 	 4.364119e-01 	 4.377476e-01 	 3.051162e-03
6.293706e-01 	 4.363626e-01 	 4.377020e-01 	 3.059945e-03
6.303696e-01 	 4.363090e-01 	 4.376521e-01 	 3.068761e-03
6.313686e-01 	 4.362511e-01 	 4.375979e-01 	 3.077608e-03
6.323676e-01 	 4.361889e-01 	 4.375394e-01 	 3.086488e-03
6.333666e-01 	 4.361224e-01 	 4.374766e-01 	 3.095401e-03
6.343656e-01 	 4.360516e-01 	 4.374094e-01 	 3.104347e-03
6.353646e-01 	 4.359764e-01 	 4.373380e-01 	 3.113327e-03
6.363636e-01 	 4.358969e-01 	 4.372621e-01 	 3.122341e-03
6.373626e-01 	 4.358130e-01 	 4.371820e-01 	 3.131389e-03
6.383616e-01 	 4.357247e-01 	 4.370974e-01 	 3.140472e-03
6.393606e-01 	 4.356320e-01 	 4.370084e-01 	 3.149590e-03
6.403596e-01 	 4.355350e-01 	 4.369151e-01 	 3.158743e-03
6.413586e-01 	 4.354335e-01 	 4.368173e-01 	 3.167933e-03
6.423576e-01 	 4.353276e-01 	 4.367151e-01 	 3.177158e-03
6.433566e-01 	 4.352173e-01 	 4.366085e-01 	 3.186421e-03
6.443556e-01 	 4.351025e-01 	 4.364974e-01 	 3.195721e-03
6.453546e-01 	 4.349832e-01 	 4.363818e-01 	 3.205058e-03
6.463536e-01 	 4.348595e-01 	 4.362618e-01 	 3.214433e-03
6.473526e-01 	 4.347313e-01 	 4.361373e-01 	 3.223846e-03
6.483516e-01 	 4.345985e-01 	 4.360083e-01 	 3.233298e-03
6.493506e-01 	 4.344613e-01 	 4.358748e-01 	 3.242790e-03
6.503497e-01 	 4.343195e-01 	 4.357367e-01 	 3.252321e-03
6.513487e-01 	 4.341732e-01 	 4.355941e-01 	 3.261892e-03
6.523477e-01 	 4.340224e-01 	 4.354470e-01 	 3.271503e-03
6.533467e-01 	 4.338670e-01 	 4.352952e-01 	 3.281155e-03
6.543457e-01 	 4.337070e-01 	 4.351389e-01 	 3.290849e-03
6.553447e-01 	 4.335424e-01 	 4.349781e-01 	 3.300584e-03
6.563437e-01 	 4.333732e-01 	 4.348126e-01 	 3.310362e-03
6.573427e-01 	 4.331994e-01 	 4.346425e-01 	 3.320183e-03
6.583417e-01 	 4.330209e-01 	 4.344677e-01 	 3.330046e-03
6.593407e-01 	 4.328378e-01 	 4.342883e-01 	 3.339953e-03
6.603397e-01 	 4.326501e-01 	 4.341043e-01 	 3.349905e-03
6.613387e-01 	 4.324577e-01 	 4.339156e-01 	 3.359901e-03
6.623377e-01 	 4.322606e-01 	 4.337222e-01 	 3.369942e-03
6.633367e-01 	 4.320588e-01 	 4.335241e-01 	 3.380028e-03
6.643357e-01 	 4.318523e-01 	 4.333213e-01 	 3.390161e-03
6.653347e-01 	 4.316411e-01 	 4.331138e-01 	 3.400340e-03
6.663337e-01 	 4.314251e-01 	 4.329016e-01 	 3.410566e-03
6.673327e-01 	 4.312045e-01 	 4.326846e-01 	 3.420840e-03
6.683317e-01 	 4.309790e-01 	 4.324628e-01 	 3.431162e-03
6.693307e-01 	 4.307488e-01 	 4.322363e-01 	 3.441533e-03
6.703297e-01 	 4.305137e-01 	 4.320050e-01 	 3.451952e-03
6.713287e-01 	 4.302739e-01 	 4.317689e-01 	 3.462421e-03
6.723277e-01 	 4.300293e-01 	 4.315280e-01 	 3.472941e-03
6.733267e-01 	 4.297798e-01 	 4.312822e-01 	 3.483511e-03
6.743257e-01 	 4.295255e-01 	 4.310316e-01 	 3.494132e-03
6.753247e-01 	 4.292664e-01 	 4.307762e-01 	 3.504806e-03
6.763237e-01 	 4.290024e-01 	 4.305159e-01 	 3.515531e-03
6.773227e-01 	 4.287335e-01 	 4.302507e-01 	 3.526310e-03
6.783217e-01 	 4.284597e-01 	 4.299806e-01 	 3.537142e-03
6.793207e-01 	 4.281810e-01 	 4.297056e-01 	 3.548028e-03
6.803197e-01 	 4.278974e-01 	 4.294257e-01 	 3.558969e-03
6.813187e-01 	 4.276088e-01 	 4.291408e-01 	 3.569966e-03
6.823177e-01 	 4.273153e-01 	 4.288510e-01 	 3.581018e-03
6.833167e-01 	 4.270169e-01 	 4.285563e-01 	 3.592127e-03
6.843157e-01 	 4.267134e-01 	 4.282566e-01 	 3.603293e-03
6.853147e-01 	 4.264050e-01 	 4.279518e-01 	 3.614516e-03
6.863137e-01 	 4.260916e-01 	 4.276421e-01 	 3.625798e-03
6.873127e-01 	 4.257731e-01 	 4.273274e-01 	 3.637139e-03
6.883117e-01 	 4.254497e-01 	 4.270076e-01 	 3.648540e-03
6.893107e-01 	 4.251212e-01 	 4.266828e-01 	 3.660001e-03
6.903097e-01 	 4.247876e-01 	 4.263530e-01 	 3.671524e-03
6.913087e-01 	 4.244489e-01 	 4.260180e-01 	 3.683107e-03
6.923077e-01 	 4.241052e-01 	 4.256780e-01 	 3.694753e-03
6.933067e-01 	 4.237564e-01 	 4.253329e-01 	 3.706463e-03
6.943057e-01 	 4.234025e-01 	 4.249827e-01 	 3.718236e-03
6.953047e-01 	 4.230434e-01 	 4.246273e-01 	 3.730073e-03
6.963037e-01 	 4.226792e-01 	 4.242668e-01 	 3.741975e-03
6.973027e-01 	 4.223099e-01 	 4.239012e-01 	 3.753944e-03
6.983017e-01 	 4.219353e-01 	 4.235304e-01 	 3.765979e-03
6.993007e-01 	 4.215556e-01 	 4.231544e-01 	 3.778081e-03
7.002997e-01 	 4.211707e-01 	 4.227732e-01 	 3.790252e-03
7.012987e-01 	 4.207806e-01 	 4.223868e-01 	 3.802491e-03
7.022977e-01 	 4.203853e-01 	 4.219951e-01 	 3.814800e-03
7.032967e-01 	 4.199847e-01 	 4.215983e-01 	 3.827179e-03
7.042957e-01 	 4.195789e-01 	 4.211962e-01 	 3.839630e-03
7.052947e-01 	 4.191678e-01 	 4.207888e-01 	 3.852152e-03
7.062937e-01 	 4.187515e-01 	 4.203761e-01 	 3.864748e-03
7.072927e-01 	 4.183298e-01 	 4.199582e-01 	 3.877417e-03
7.082917e-01 	 4.179029e-01 	 4.195349e-01 	 3.890160e-03
7.092907e-01 	 4.174706e-01 	 4.191063e-01 	 3.902979e-03
7.102897e-01 	 4.170329e-01 	 4.186724e-01 	 3.915874e-03
7.112887e-01 	 4.165900e-01 	 4.182331e-01 	 3.928846e-03
7.122877e-01 	 4.161416e-01 	 4.177885e-01 	 3.941895e-03
7.132867e-01 	 4.156879e-01 	 4.173385e-01 	 3.955024e-03
7.142857e-01 	 4.152288e-01 	 4.168831e-01 	 3.968232e-03
7.152847e-01 	 4.147643e-01 	 4.164223e-01 	 3.981521e-03
7.162837e-01 	 4.142943e-01 	 4.159560e-01 	 3.994892e-03
7.172827e-01 	 4.138189e-01 	 4.154843e-01 	 4.008344e-03
7.182817e-01 	 4.133381e-01 	 4.150072e-01 	 4.021881e-03
7.192807e-01 	 4.128518e-01 	 4.145246e-01 	 4.035501e-03
7.202797e-01 	 4.123600e-01 	 4.140365e-01 	 4.049207e-03
7.212787e-01 	 4.118627e-01 	 4.135429e-01 	 4.063000e-03
7.222777e-01 	 4.113599e-01 	 4.130439e-01 	 4.076879e-03
7.232767e-01 	 4.108516e-01 	 4.125392e-01 	 4.090847e-03
7.242757e-01 	 4.103378e-01 	 4.120291e-01 	 4.104905e-03
7.252747e-01 	 4.098183e-01 	 4.115134e-01 	 4.119053e-03
7.262737e-01 	 4.092934e-01 	 4.109921e-01 	 4.133292e-03
7.272727e-01 	 4.087628e-01 	 4.104653e-01 	 4.147624e-03
7.282717e-01 	 4.082266e-01 	 4.099328e-01 	 4.162050e-03
7.292707e-01 	 4.076849e-01 	 4.093947e-01 	 4.176570e-03
7.302697e-01 	 4.071375e-01 	 4.088510e-01 	 4.191186e-03
7.312687e-01 	 4.065844e-01 	 4.083017e-01 	 4.205900e-03
7.322677e-01 	 4.060257e-01 	 4.077467e-01 	 4.220711e-03
7.332667e-01 	 4.054613e-01 	 4.071860e-01 	 4.235622e-03
7.342657e-01 	 4.048913e-01 	 4.066197e-01 	 4.250634e-03
7.352647e-01 	 4.043155e-01 	 4.060476e-01 	 4.265747e-03
7.362637e-01 	 4.037340e-01 	 4.054698e-01 	 4.280963e-03
7.372627e-01 	 4.031468e-01 	 4.048863e-01 	 4.296284e-03
7.382617e-01 	 4.025538e-01 	 4.042971e-01 	 4.311710e-03
7.392607e-01 	 4.019551e-01 	 4.037020e-01 	 4.327243e-03
7.402597e-01 	 4.013506e-01 	 4.031012e-01 	 4.342884e-03
7.412587e-01 	 4.007403e-01 	 4.024946e-01 	 4.358634e-03
7.422577e-01 	 4.001242e-01 	 4.018822e-01 	 4.374495e-03
7.432567e-01 	 3.995023e-01 	 4.012640e-01 	 4.390468e-03
7.442557e-01 	 3.988745e-01 	 4.006399e-01 	 4.406555e-03
7.452547e-01 	 3.982409e-01 	 4.000100e-01 	 4.422757e-03
7.462537e-01 	 3.976014e-01 	 3.993742e-01 	 4.439075e-03
7.472527e-01 	 3.969560e-01 	 3.987326e-01 	 4.455511e-03
7.482517e-01 	 3.963047e-01 	 3.980850e-01 	 4.472066e-03
7.492507e-01 	 3.956475e-01 	 3.974315e-01 	 4.488742e-03
7.502498e-01 	 3.949844e-01 	 3.967721e-01 	 4.505540e-03
7.512488e-01 	 3.943154e-01 	 3.961067e-01 	 4.522462e-03
7.522478e-01 	 3.936403e-01 	 3.954354e-01 	 4.539509e-03
7.532468e-01 	 3.929593e-01 	 3.947581e-01 	 4.556683e-03
7.542458e-01 	 3.922723e-01 	 3.940748e-01 	 4.573986e-03
7.552448e-01 	 3.915793e-01 	 3.933855e-01 	 4.591419e-03
7.562438e-01 	 3.908803e-01 	 3.926902e-01 	 4.608984e-03
7.572428e-01 	 3.901752e-01 	 3.919888e-01 	 4.626682e-03
7.582418e-01 	 3.894641e-01 	 3.912814e-01 	 4.644516e-03
7.592408e-01 	 3.887469e-01 	 3.905679e-01 	 4.662487e-03
7.602398e-01 	 3.880236e-01 	 3.898483e-01 	 4.680597e-03
7.612388e-01 	 3.872942e-01 	 3.891226e-01 	 4.698847e-03
7.622378e-01 	 3.865587e-01 	 3.883909e-01 	 4.717240e-03
7.632368e-01 	 3.858171e-01 	 3.876529e-01 	 4.735777e-03
7.642358e-01 	 3.850693e-01 	 3.869088e-01 	 4.754461e-03
7.652348e-01 	 3.843154e-01 	 3.861586e-01 	 4.773292e-03
7.662338e-01 	 3.835552e-01 	 3.854022e-01 	 4.792274e-03
7.672328e-01 	 3.827889e-01 	 3.846396e-01 	 4.811408e-03
7.682318e-01 	 3.820164e-01 	 3.838707e-01 	 4.830697e-03
7.692308e-01 	 3.812376e-01 	 3.830957e-01 	 4.850141e-03
7.702298e-01 	 3.804526e-01 	 3.823143e-01 	 4.869744e-03
7.712288e-01 	 3.796613e-01 	 3.815268e-01 	 4.889507e-03
7.722278e-01 	 3.788638e-01 	 3.807329e-01 	 4.909433e-03
7.732268e-01 	 3.780599e-01 	 3.799328e-01 	 4.929524e-03
7.742258e-01 	 3.772498e-01 	 3.791263e-01 	 4.949783e-03
7.752248e-01 	 3.764333e-01 	 3.783136e-01 	 4.970210e-03
7.762238e-01 	 3.756105e-01 	 3.774945e-01 	 4.990810e-03
7.772228e-01 	 3.747813e-01 	 3.766690e-01 	 5.011583e-03
7.782218e-01 	 3.739457e-01 	 3.758371e-01 	 5.032533e-03
7.792208e-01 	 3.731038e-01 	 3.749989e-01 	 5.053663e-03
7.802198e-01 	 3.722554e-01 	 3.741543e-01 	 5.074973e-03
7.812188e-01 	 3.714007e-01 	 3.733032e-01 	 5.096468e-03
7.822178e-01 	 3.705395e-01 	 3.724457e-01 	 5.118150e-03
7.832168e-01 	 3.696718e-01 	 3.715817e-01 	 5.140021e-03
7.842158e-01 	 3.687977e-01 	 3.707113e-01 	 5.162084e-03
7.852148e-01 	 3.679170e-01 	 3.698344e-01 	 5.184341e-03
7.862138e-01 	 3.670299e-01 	 3.689510e-01 	 5.206797e-03
7.872128e-01 	 3.661363e-01 	 3.680610e-01 	 5.229453e-03
7.882118e-01 	 3.652361e-01 	 3.671645e-01 	 5.252312e-03
7.892108e-01 	 3.643293e-01 	 3.662615e-01 	 5.275377e-03
7.902098e-01 	 3.634160e-01 	 3.653519e-01 	 5.298652e-03
7.912088e-01 	 3.624961e-01 	 3.644357e-01 	 5.322139e-03
7.922078e-01 	 3.615696e-01 	 3.635129e-01 	 5.345842e-03
7.932068e-01 	 3.606365e-01 	 3.625835e-01 	 5.369763e-03
7.942058e-01 	 3.596967e-01 	 3.616474e-01 	 5.393906e-03
7.952048e-01 	 3.587503e-01 	 3.607047e-01 	 5.418275e-03
7.962038e-01 	 3.577972e-01 	 3.597553e-01 	 5.442872e-03
7.972028e-01 	 3.568375e-01 	 3.587993e-01 	 5.467701e-03
7.982018e-01 	 3.558710e-01 	 3.578365e-01 	 5.492766e-03
7.992008e-01 	 3.548978e-01 	 3.568670e-01 	 5.518070e-03
8.001998e-01 	 3.539178e-01 	 3.558908e-01 	 5.543617e-03
8.011988e-01 	 3.529311e-01 	 3.549078e-01 	 5.569410e-03
8.021978e-01 	 3.519377e-01 	 3.539180e-01 	 5.595454e-03
8.031968e-01 	 3.509374e-01 	 3.529215e-01 	 5.621752e-03
8.041958e-01 	 3.499304e-01 	 3.519181e-01 	 5.648308e-03
8.051948e-01 	 3.489165e-01 	 3.509079e-01 	 5.675126e-03
8.061938e-01 	 3.478957e-01 	 3.498909e-01 	 5.702211e-03
8.071928e-01 	 3.468681e-01 	 3.488670e-01 	 5.729566e-03
8.081918e-01 	 3.458337e-01 	 3.478362e-01 	 5.757196e-03
8.091908e-01 	 3.447923e-01 	 3.467986e-01 	 5.785105e-03
8.101898e-01 	 3.437441e-01 	 3.457540e-01 	 5.813298e-03
8.111888e-01 	 3.426889e-01 	 3.447026e-01 	 5.841779e-03
8.121878e-01 	 3.416267e-01 	 3.436441e-01 	 5.870553e-03
8.131868e-01 	 3.405576e-01 	 3.425787e-01 	 5.899624e-03
8.141858e-01 	 3.394816e-01 	 3.415064e-01 	 5.928998e-03
8.151848e-01 	 3.383985e-01 	 3.404270e-01 	 5.958680e-03
8.161838e-01 	 3.373084e-01 	 3.393406e-01 	 5.988674e-03
8.171828e-01 	 3.362113e-01 	 3.382472e-01 	 6.018986e-03
8.181818e-01 	 3.351071e-01 	 3.371468e-01 	 6.049622e-03
8.191808e-01 	 3.339959e-01 	 3.360392e-01 	 6.080585e-03
8.201798e-01 	 3.328776e-01 	 3.349246e-01 	 6.111883e-03
8.211788e-01 	 3.317522e-01 	 3.338029e-01 	 6.143520e-03
8.221778e-01 	 3.306197e-01 	 3.326741e-01 	 6.175503e-03
8.231768e-01 	 3.294800e-01 	 3.315381e-01 	 6.207837e-03
8.241758e-01 	 3.283332e-01 	 3.303950e-01 	 6.240529e-03
8.251748e-01 	 3.271792e-01 	 3.292447e-01 	 6.273584e-03
8.261738e-01 	 3.260180e-01 	 3.280872e-01 	 6.307009e-03
8.271728e-01 	 3.248496e-01 	 3.269226e-01 	 6.340811e-03
8.281718e-01 	 3.236740e-01 	 3.257506e-01 	 6.374996e-03
8.291708e-01 	 3.224911e-01 	 3.245715e-01 	 6.409570e-03
8.301698e-01 	 3.213010e-01 	 3.233851e-01 	 6.444542e-03
8.311688e-01 	 3.201036e-01 	 3.221914e-01 	 6.479917e-03
8.321678e-01 	 3.188989e-01 	 3.209904e-01 	 6.515704e-03
8.331668e-01 	 3.176869e-01 	 3.197821e-01 	 6.551909e-03
8.341658e-01 	 3.164676e-01 	 3.185664e-01 	 6.588541e-03
8.351648e-01 	 3.152409e-01 	 3.173435e-01 	 6.625606e-03
8.361638e-01 	 3.140068e-01 	 3.161131e-01 	 6.663114e-03
8.371628e-01 	 3.127654e-01 	 3.148754e-01 	 6.701072e-03
8.381618e-01 	 3.115165e-01 	 3.136302e-01 	 6.739489e-03
8.391608e-01 	 3.102602e-01 	 3.123776e-01 	 6.778373e-03
8.401598e-01 	 3.089965e-01 	 3.111176e-01 	 6.817733e-03
8.411588e-01 	 3.077253e-01 	 3.098501e-01 	 6.857579e-03
8.421578e-01 	 3.064467e-01 	 3.085752e-01 	 6.897919e-03
8.431568e-01 	 3.051605e-01 	 3.072927e-01 	 6.938763e-03
8.441558e-01 	 3.038668e-01 	 3.060028e-01 	 6.980120e-03
8.451548e-01 	 3.025656e-01 	 3.047053e-01 	 7.022002e-03
8.461538e-01 	 3.012569e-01 	 3.034002e-01 	 7.064417e-03
8.471528e-01 	 2.999406e-01 	 3.020876e-01 	 7.107377e-03
8.481518e-01 	 2.986167e-01 	 3.007674e-01 	 7.150892e-03
8.491508e-01 	 2.972851e-01 	 2.994396e-01 	 7.194974e-03
8.501499e-01 	 2.959460e-01 	 2.981042e-01 	 7.239634e-03
8.511489e-01 	 2.945992e-01 	 2.967611e-01 	 7.284883e-03
8.521479e-01 	 2.932448e-01 	 2.954103e-01 	 7.330734e-03
8.531469e-01 	 2.918826e-01 	 2.940519e-01 	 7.377198e-03
8.541459e-01 	 2.905128e-01 	 2.926858e-01 	 7.424290e-03
8.551449e-01 	 2.891353e-01 	 2.913120e-01 	 7.472021e-03
8.561439e-01 	 2.877500e-01 	 2.899304e-01 	 7.520405e-03
8.571429e-01 	 2.863569e-01 	 2.885410e-01 	 7.569455e-03
8.581419e-01 	 2.849561e-01 	 2.871439e-01 	 7.619187e-03
8.591409e-01 	 2.835475e-01 	 2.857390e-01 	 7.669614e-03
8.601399e-01 	 2.821311e-01 	 2.843263e-01 	 7.720752e-03
8.611389e-01 	 2.807068e-01 	 2.829057e-01 	 7.772615e-03
8.621379e-01 	 2.792747e-01 	 2.814773e-01 	 7.825221e-03
8.631369e-01 	 2.778347e-01 	 2.800411e-01 	 7.878584e-03
8.641359e-01 	 2.763869e-01 	 2.785969e-01 	 7.932722e-03
8.651349e-01 	 2.749311e-01 	 2.771448e-01 	 7.987652e-03
8.661339e-01 	 2.734674e-01 	 2.756848e-01 	 8.043392e-03
8.671329e-01 	 2.719958e-01 	 2.742169e-01 	 8.099960e-03
8.681319e-01 	 2.705162e-01 	 2.727410e-01 	 8.157376e-03
8.691309e-01 	 2.690286e-01 	 2.712571e-01 	 8.215658e-03
8.701299e-01 	 2.675330e-01 	 2.697652e-01 	 8.274826e-03
8.711289e-01 	 2.660293e-01 	 2.682653e-01 	 8.334902e-03
8.721279e-01 	 2.645177e-01 	 2.667573e-01 	 8.395907e-03
8.731269e-01 	 2.629979e-01 	 2.652413e-01 	 8.457862e-03
8.741259e-01 	 2.614701e-01 	 2.637172e-01 	 8.520791e-03
8.751249e-01 	 2.599342e-01 	 2.621850e-01 	 8.584716e-03
8.761239e-01 	 2.583902e-01 	 2.606447e-01 	 8.649662e-03
8.771229e-01 	 2.568380e-01 	 2.590962e-01 	 8.715655e-03
8.781219e-01 	 2.552777e-01 	 2.575396e-01 	 8.782719e-03
8.791209e-01 	 2.537092e-01 	 2.559748e-01 	 8.850882e-03
8.801199e-01 	 2.521325e-01 	 2.544018e-01 	 8.920170e-03
8.811189e-01 	 2.505476e-01 	 2.528206e-01 	 8.990613e-03
8.821179e-01 	 2.489544e-01 	 2.512311e-01 	 9.062240e-03
8.831169e-01 	 2.473530e-01 	 2.496334e-01 	 9.135080e-03
8.841159e-01 	 2.457433e-01 	 2.480275e-01 	 9.209167e-03
8.851149e-01 	 2.441253e-01 	 2.464132e-01 	 9.284532e-03
8.861139e-01 	 2.424990e-01 	 2.447906e-01 	 9.361209e-03
8.871129e-01 	 2.408644e-01 	 2.431596e-01 	 9.439232e-03
8.881119e-01 	 2.392214e-01 	 2.415203e-01 	 9.518639e-03
8.891109e-01 	 2.375700e-01 	 2.398727e-01 	 9.599466e-03
8.901099e-01 	 2.359103e-01 	 2.382166e-01 	 9.681753e-03
8.911089e-01 	 2.342421e-01 	 2.365521e-01 	 9.765539e-03
8.921079e-01 	 2.325655e-01 	 2.348792e-01 	 9.850866e-03
8.931069e-01 	 2.308804e-01 	 2.331978e-01 	 9.937778e-03
8.941059e-01 	 2.291868e-01 	 2.315080e-01 	 1.002632e-02
8.951049e-01 	 2.274848e-01 	 2.298097e-01 	 1.011654e-02
8.961039e-01 	 2.257742e-01 	 2.281028e-01 	 1.020848e-02
8.971029e-01 	 2.240551e-01 	 2.263874e-01 	 1.030219e-02
8.981019e-01 	 2.223274e-01 	 2.246634e-01 	 1.039774e-02
8.991009e-01 	 2.205912e-01 	 2.229309e-01 	 1.049516e-02
9.000999e-01 	 2.188464e-01 	 2.211898e-01 	 1.059453e-02
9.010989e-01 	 2.170929e-01 	 2.194400e-01 	 1.069589e-02
9.020979e-01 	 2.153308e-01 	 2.176816e-01 	 1.079930e-02
9.030969e-01 	 2.135601e-01 	 2.159146e-01 	 1.090484e-02
9.040959e-01 	 2.117807e-01 	 2.141389e-01 	 1.101257e-02
9.050949e-01 	 2.099925e-01 	 2.123545e-01 	 1.112256e-02
9.060939e-01 	 2.081957e-01 	 2.105613e-01 	 1.123487e-02
9.070929e-01 	 2.063901e-01 	 2.087594e-01 	 1.134959e-02
9.080919e-01 	 2.045757e-01 	 2.069488e-01 	 1.146679e-02
9.090909e-01 	 2.027526e-01 	 2.051293e-01 	 1.158656e-02
9.100899e-01 	 2.009207e-01 	 2.033011e-01 	 1.170897e-02
9.110889e-01 	 1.990799e-01 	 2.014641e-01 	 1.183413e-02
9.120879e-01 	 1.972303e-01 	 1.996182e-01 	 1.196212e-02
9.130869e-01 	 1.953718e-01 	 1.977634e-01 	 1.209304e-02
9.140859e-01 	 1.935045e-01 	 1.958997e-01 	 1.222700e-02
9.150849e-01 	 1.916282e-01 	 1.940272e-01 	 1.236409e-02
9.160839e-01 	 1.897430e-01 	 1.921457e-01 	 1.250444e-02
9.170829e-01 	 1.878489e-01 	 1.902553e-01 	 1.264816e-02
9.180819e-01 	 1.859458e-01 	 1.883559e-01 	 1.279538e-02
9.190809e-01 	 1.840337e-01 	 1.864475e-01 	 1.294621e-02
9.200799e-01 	 1.821126e-01 	 1.845300e-01 	 1.310081e-02
9.210789e-01 	 1.801824e-01 	 1.826036e-01 	 1.325931e-02
9.220779e-01 	 1.782432e-01 	 1.806681e-01 	 1.342186e-02
9.230769e-01 	 1.762949e-01 	 1.787235e-01 	 1.358862e-02
9.240759e-01 	 1.743376e-01 	 1.767699e-01 	 1.375976e-02
9.250749e-01 	 1.723711e-01 	 1.748071e-01 	 1.393545e-02
9.260739e-01 	 1.703954e-01 	 1.728352e-01 	 1.411588e-02
9.270729e-01 	 1.684106e-01 	 1.708541e-01 	 1.430124e-02
9.280719e-01 	 1.664167e-01 	 1.688638e-01 	 1.449174e-02
9.290709e-01 	 1.644135e-01 	 1.668643e-01 	 1.468759e-02
9.300699e-01 	 1.624011e-01 	 1.648556e-01 	 1.488902e-02
9.310689e-01 	 1.603795e-01 	 1.628377e-01 	 1.509628e-02
9.320679e-01 	 1.583485e-01 	 1.608105e-01 	 1.530962e-02
9.330669e-01 	 1.563083e-01 	 1.587740e-01 	 1.552932e-02
9.340659e-01 	 1.542588e-01 	 1.567282e-01 	 1.575567e-02
9.350649e-01 	 1.522000e-01 	 1.546730e-01 	 1.598896e-02
9.360639e-01 	 1.501318e-01 	 1.526085e-01 	 1.622954e-02
9.370629e-01 	 1.480542e-01 	 1.505347e-01 	 1.647774e-02
9.380619e-01 	 1.459672e-01 	 1.484514e-01 	 1.673393e-02
9.390609e-01 	 1.438708e-01 	 1.463587e-01 	 1.699851e-02
9.400599e-01 	 1.417650e-01 	 1.442566e-01 	 1.727189e-02
9.410589e-01 	 1.396497e-01 	 1.421450e-01 	 1.755453e-02
9.420579e-01 	 1.375249e-01 	 1.400239e-01 	 1.784691e-02
9.430569e-01 	 1.353906e-01 	 1.378933e-01 	 1.814952e-02
9.440559e-01 	 1.332468e-01 	 1.357532e-01 	 1.846294e-02
9.450549e-01 	 1.310934e-01 	 1.336035e-01 	 1.878773e-02
9.460539e-01 	 1.289304e-01 	 1.314442e-01 	 1.912454e-02
9.470529e-01 	 1.267579e-01 	 1.292754e-01 	 1.947405e-02
9.480519e-01 	 1.245757e-01 	 1.270970e-01 	 1.983698e-02
9.490509e-01 	 1.223839e-01 	 1.249089e-01 	 2.021414e-02
9.500500e-01 	 1.201825e-01 	 1.227111e-01 	 2.060636e-02
9.510490e-01 	 1.179713e-01 	 1.205036e-01 	 2.101458e-02
9.520480e-01 	 1.157505e-01 	 1.182865e-01 	 2.143979e-02
9.530470e-01 	 1.135199e-01 	 1.160596e-01 	 2.188309e-02
9.540460e-01 	 1.112795e-01 	 1.138230e-01 	 2.234564e-02
9.550450e-01 	 1.090294e-01 	 1.115766e-01 	 2.282873e-02
9.560440e-01 	 1.067695e-01 	 1.093204e-01 	 2.333377e-02
9.570430e-01 	 1.044998e-01 	 1.070543e-01 	 2.386228e-02
9.580420e-01 	 1.022202e-01 	 1.047785e-01 	 2.441594e-02
9.590410e-01 	 9.993078e-02 	 1.024927e-01 	 2.499659e-02
9.600400e-01 	 9.763146e-02 	 1.001971e-01 	 2.560626e-02
9.610390e-01 	 9.532223e-02 	 9.789160e-02 	 2.624718e-02
9.620380e-01 	 9.300306e-02 	 9.557614e-02 	 2.692181e-02
9.630370e-01 	 9.067394e-02 	 9.325073e-02 	 2.763289e-02
9.640360e-01 	 8.833485e-02 	 9.091534e-02 	 2.838346e-02
9.650350e-01 	 8.598575e-02 	 8.856995e-02 	 2.917689e-02
9.660340e-01 	 8.362663e-02 	 8.621453e-02 	 3.001699e-02
9.670330e-01 	 8.125746e-02 	 8.384906e-02 	 3.090798e-02
9.680320e-01 	 7.887822e-02 	 8.147353e-02 	 3.185463e-02
9.690310e-01 	 7.648889e-02 	 7.908791e-02 	 3.286234e-02
9.700300e-01 	 7.408945e-02 	 7.669216e-02 	 3.393721e-02
9.710290e-01 	 7.167986e-02 	 7.428628e-02 	 3.508619e-02
9.720280e-01 	 6.926011e-02 	 7.187024e-02 	 3.631721e-02
9.730270e-01 	 6.683018e-02 	 6.944401e-02 	 3.763940e-02
9.740260e-01 	 6.439004e-02 	 6.700758e-02 	 3.906328e-02
9.750250e-01 	 6.193967e-02 	 6.456091e-02 	 4.060104e-02
9.760240e-01 	 5.947904e-02 	 6.210399e-02 	 4.226692e-02
9.770230e-01 	 5.700814e-02 	 5.963679e-02 	 4.407764e-02
9.780220e-01 	 5.452693e-02 	 5.715928e-02 	 4.605294e-02
9.790210e-01 	 5.203540e-02 	 5.467145e-02 	 4.821634e-02
9.800200e-01 	 4.953352e-02 	 5.217328e-02 	 5.059606e-02
9.810190e-01 	 4.702126e-02 	 4.966473e-02 	 5.322623e-02
9.820180e-01 	 4.449861e-02 	 4.714578e-02 	 5.614862e-02
9.830170e-01 	 4.196554e-02 	 4.461642e-02 	 5.941479e-02
9.840160e-01 	 3.942203e-02 	 4.207661e-02 	 6.308919e-02
9.850150e-01 	 3.686806e-02 	 3.952634e-02 	 6.725348e-02
9.860140e-01 	 3.430359e-02 	 3.696558e-02 	 7.201263e-02
9.870130e-01 	 3.172860e-02 	 3.439430e-02 	 7.750391e-02
9.880120e-01 	 2.914308e-02 	 3.181248e-02 	 8.391037e-02
9.890110e-01 	 2.654700e-02 	 2.922010e-02 	 9.148158e-02
9.900100e-01 	 2.394033e-02 	 2.661714e-02 	 1.005670e-01
9.910090e-01 	 2.132306e-02 	 2.400357e-02 	 1.116713e-01
9.920080e-01 	 1.869514e-02 	 2.137936e-02 	 1.255517e-01
9.930070e-01 	 1.605658e-02 	 1.874449e-02 	 1.433978e-01
9.940060e-01 	 1.340732e-02 	 1.609895e-02 	 1.671925e-01
9.950050e-01 	 1.074737e-02 	 1.344270e-02 	 2.005050e-01
9.960040e-01 	 8.076682e-03 	 1.077571e-02 	 2.504736e-01
9.970030e-01 	 5.395241e-03 	 8.097977e-03 	 3.337545e-01
9.980020e-01 	 2.703022e-03 	 5.409462e-03 	 5.003160e-01
